$GPGGA,021610.00,2503.542140,N,12136.880797,E,1,10,0.6,110.9,M,17.0,M,,*6C      
$GPVTG,234.5,T,237.7,M,0.0,N,0.0,K,A*22                                         
$GPRMC,021610.00,A,2503.542140,N,12136.880797,E,0.0,234.5,231019,3.2,W,A*26     
$GPGSA,A,2,02,05,06,07,12,13,15,17,29,30,,,0.8,0.6,0.6*36                       
$GPGSV,4,1,16,02,59,009,25,05,52,300,40,06,39,082,23,07,07,078,27*73            
$GPGSV,4,2,16,09,09,037,21,12,16,243,37,13,37,185,50,15,09,210,46*79            
$GPGSV,4,3,16,17,11,153,24,29,08,322,29,30,11,111,30,19,27,154,*79              
$GPGSV,4,4,16,25,06,284,,39,,,38,40,,,34,41,,,35*40                             
$GPGGA,021611.00,2503.542509,N,12136.880567,E,1,10,0.6,110.8,M,17.0,M,,*68      
$GPVTG,234.5,T,237.7,M,0.0,N,0.0,K,A*22               

02 25
05 40
06 23
07 27

09 21
12 37
13 50
15 46

17 24
29 29
30 30
19 X

25 X
39 38
40 34
41 35